ANL0   326     0     0   336     0     0     0     0     0
  2179   787  1132  1411   816  1136  1497  1017  1350  1344  1235  1052  1740
   483  1507  1414  1744   870   985  1030   921   640   643  1398  1296   480
   937  1616  1760  1209   793  1372   848   899  1264  1654  3024  1641  5888
  4313  5641  2620  1068  1968  6368  9068  6486  8044  2243  1331   960  2531
  5926  7107  6054  9900  7465  3529  3081   614  2876  5011  3401  5561  6099
  6598  3260  1475  1337  2352  1808  1513  2534  2883  1350  1910  4483  4873
  4595  3811  3347  2886  3996  1942  1142  4668  6739  1558   627  7244  6227
  8924  7356  5523  2937  3334  1497  1600  2307  3772  2240  2972  3750  5046
  6288  2668  4332  1088  1846  1334  1817  1318  2067  2140  1712  1318   480
  2342  1200  1952  2857   854  2358  2041  2131  2940  1836  2051  2979  3840
  2819  1107  1136  1683   896  2780  1993  2320  6620  2716  3900  3036  6201
  1904  3504  4198  1696  1340  1171   777  9356  9568  3539 11184  9596  7260
  7097 10198  3910  3020 10377 10979  8016 10848  4838  3270  5881  2320  2028
  4195  3116  2556  4537  6508  4902  8451  6777  6486  7251  7158  2425  7414
  4809  3107  9788 14883  8582 15091  9011  3392   550  1987  2176  3932  1968
  2560  3113  1638  1990  3148  3932  4076  3091  4035  1200  2704  2723  3302
  1187  4016  1753  1472  3299  4009  3385  1660  1113  1360  2480  1782  2380
  3337  4192  3408  2240  2720  2528  2067  3958  5459  2960  3616 12672  6179
 12969 20204 21206 12438 11548  4793 11897  4742  7411  5142  8691 12563  4940
  2515  1068  1936  1113  2800  1136   924  2291  1686  1027  6771  7753  4054
 10009  6300  4931  8579  3702  4480  4601  4547  6192  6204  4969 16307 13152
  7852 18400 13452  1942  3360  8185  3968  3913  2163  1993  3747  2870  7212
  2809  4784  3548  3392  4041  3779  1276  1955   880  2480   918  3168  3360
  3216  1225  3427  2032  1190  3094  1321  1251  3107  3289  5635  6208  4009
  1248  2665   896  2963  1753  1657  2179  1440  2515  8048  4166  4108  6220
 13062
 ANL1   326     0     0   336     0     1     0     0     0
   659   432   284   361   457   592   544   444   736   678   256  1014   441
   483   412   688   755   681   412   393   406   451   156   467   620   649
   659   700   729   435   598   339   659   614   771   358   662   547   444
   460   236   364   572   547   736   630   684   732   406   531   486   752
   537   512   681   502   432   675   275   681   643   524   489   400   576
   444   710   598   659   502   758   569   377   726   419   550  2112   579
   425   614   508   752   368   518   617   316   550   358   713   640   358
   483   419   329   524   364  2460   780   608   425   620   678   499   758
   790   672   896   476   473   563   243   361   249   438   505   457   550
   352   508   332   278   508   678   576   377   608   444   342   256   233
   604   454   659   665   736   665   499   707   425   512   460   598   406
   528   460   406   211   393   464   505   620   521   432   569   364   390
   496   457   569   515   476   563   425   601   204   460   169   409   841
   355   726   489   345   358   416   448   457   387   707   608   444   342
   393   441   281   521   835   681   838   457   668   534   604   400   419
   668   627   617   496   428   425   358   416   483   486   515   313   611
   444   534   377   233   627   598   915   492   390   236   214   380   380
   364   499   889   521   736   528   537   643   416   656   457   732   460
   521   380   131   278   579   374   313   838   486   448   380   438   377
   547   435   886   598   617   464   761   582   275   419   396   352   656
   790   508   508   672   438   646   662   537   499   406   646   512   297
   409   451   550   592   665   560   672   614   595   598   547   476   502
   697   694   262   652   198   396   214   716   595   540   636   611   640
   768   368   336   499   777   790   598   380   448   230   451   563   531
   355   659   585   681   665   640   432   672   912   614   560   585   521
   432
 ANL2   326     0     0   336     0     2     0     0     0
    54    80    48    44    48    80    76    70    38    60    96    67    76
    51    51    76    70    48    44    51    67    48    67    57    64    60
    70    48    41    41    73    67    70    28    51    76    64    64    54
    57    64    48    48    19    51    60    73    48    28    64    67    70
    51    48    57    76    83    41    25    48    64   112    51    25    41
    86   102    41    44    51    70    73    70    32    44    73    67    64
    57    57    51    67    70    60    44    76    76    64    51    67    57
    76    54    48    54    54    89    38    57    44    60    73    67    41
    57    67    67    51    60    60    76    76    44    44    64    60    83
    60    38    64    73    96    54    57    60    48    60    48    35    48
    54    96    32    38    80    73    83    54    38    96    76    64    41
    54    64    73    80    44    35    41    51    83    60    51    64    57
    64    57    28    57    89    76    60    51    57    89    60    86    51
    64    76    67    64    60    48    99    57    60    41    70    73    64
    54    51    57    60    83    54    44    51    67    67    60    51    48
    60    64    54    35    54    60    76    60    38    64    67    54    67
    44    64    54    60    64    44    73    73    80    41    38    41    57
    99    64    51    44    64    76    35    28    54    64    64    60    35
    76    60    83    51    51    83    70    73    86    48    70    76    67
    48    60    38    57    70    51    44    86    64    83    73    44    41
    70    60    54    54    54    76    60    54    22    44    76    60    54
    32    60    54    60    64    35    76    64    70    67    48    73    48
    54    64    48    67    70    54    70    64    60   102    83    51    28
    35    64    48    54    48    54    73    73    60    64    67    67    64
    67    64    60    60    76    70    41    44    60    73    67    35    41
    80
 ANL3   326     0     0   336     0     3     0     0     0
   217   147   195   195   195   172   195   134   208   176   185   150   220
   198   150   185   137   179   227   124   188   192   156   169   227   179
   169   172   220   198   150   156   195   166   144   204   144   227   195
   185   169   201   243   211   208   201   124   131   150   236   233   214
   198   201   153   259   131   169   256   163   179   172   182   204   169
   192   131   160   201   236   204   169   176   153   230   160   163   204
   172   134   185   147   243   144   144   198   208   233   204   131   214
   192   182   188   166   211   176   169   188   124   227   163   182   224
   179   278    99   160   179   188   211   134   169   150   188   163   211
   214   236   169   172   153   153   166   150   188   172   192   243   134
   195   131   179   185    99   182   220   201   118   166   182   131   160
   195   128   249   166   150   185   160   259   195   195   246   156   147
   185   185   208   198   179    99   140   150   134   176   233   214   204
   249   188   153   150   169   182   220   156   176   192   166   224   115
   140   169   169   140   166   169   144   140   272   182   163   195   160
   227   220   153   224   140   192   172   153   201   214   192   166   121
   134   169   153   192   176   211   227   201   131   195   195   172   208
   166   188   176   217   163   169   150   230   128   195   156   188   233
   172   185   217   192   185   131   169   147   204   185   176   156   156
   185   201   153   176   224   115   198   153   214   185   179   195   230
   224   211   201   208   137   144   214   198   201   150   166   182   211
   166    96   182   211   156   160   112   115   163   156   227   144   188
   227   176   166   140   227   217   172   249   185   217   224   140   182
   192   108   134   179   192   163   169   195   131   160   249   163   121
   166   176   179   163   179   137   176   192   169   214   179   230   172
   140
 ANL4   326     0     0   336     0     4     0     0     0
 -4259 -4492 -4064 -4745 -4630 -4297 -4374 -4457 -5004 -5059 -4345 -4345 -4169
 -4252 -4118 -3904 -3923 -3686 -3968 -4102 -3996 -4179 -4089 -4076 -3974 -4153
 -4374 -4611 -4323 -4480 -4416 -5120 -4512 -4566 -4064 -4076 -3788 -3376 -2976
 -2780 -2246 -1859 -1510 -1910 -1795 -1635 -1158 -1276 -1622  -848  -886  -931
  -700  -828   172   371   537  1363   921  1219   704  -396  -627 -1280 -1008
 -1107 -1558 -1353 -1865 -2070 -2748 -3193 -3369 -3568 -3782 -4403 -4569 -4403
 -4704 -4716 -4390 -4025 -3984 -4454 -3897 -3574 -2931 -2576 -3024 -2825 -3132
 -2803 -3344 -3900 -3590 -4102 -4681 -4118 -5168 -4921 -5830 -5907 -5388 -5987
 -5964 -6272 -7043 -6998 -7609 -7833 -7619 -7676 -7964 -8886 -8960 -9216 -9152
 -9126 -9094 -9622 -9552 -9814 -9568 -9424 -8624 -8211 -8230 -7907 -8156 -7568
 -6796 -6006 -5248 -5302 -5449 -4787 -5017 -5100 -5856 -5680 -5676 -5510 -5257
 -5248 -4454 -4656 -4579 -4185 -4307 -4012 -2972 -2816 -2025 -1372  -908   -57
  -310  -358  -585  -995 -1424 -1536 -2300 -3331 -3814 -4121 -4982 -4921 -4780
 -5193 -5267 -5932 -6092 -6553 -7033 -6761 -6582 -5692 -5014 -4358 -4339 -4764
 -4576 -4764 -4233 -4316 -4464 -4060 -4947 -5017 -5561 -4172 -4867 -6025 -5475
 -5968 -6432 -6208 -6342 -7078 -7334 -7193 -6358 -6076 -5849 -6067 -6438 -6256
 -6659 -6268 -6099 -5891 -5731 -5651 -5478 -4796 -4803 -4636 -4780 -4822 -5190
 -5574 -5769 -6073 -5916 -5558 -5331 -4761 -4419 -4233 -3555 -2806 -2569 -2230
 -1324 -1177 -1184 -1264 -1324  -969 -1164  -921  -204  -912 -1404 -1459 -1094
  -297  -790  -953 -1052 -1635 -2307 -2563 -3148 -4384 -5241 -5641 -6470 -7494
 -7740 -6566 -5619 -5110 -4438 -4220 -4294 -4025 -4374 -4121 -4115 -4512 -4995
 -5004 -4956 -5289 -5516 -5344 -4921 -5686 -6505 -6937 -6617 -6675 -5852 -5926
 -6166 -6025 -6150 -6444 -6150 -6080 -6272 -6313 -5836 -5804 -5961 -5273 -5472
 -4912 -5132 -4960 -4640 -4592 -3833 -3964 -3977 -3612 -4284 -4473 -4243 -4240
 -4576 -5017 -5155 -5091 -4675 -4086 -3414 -2937 -2860 -3283 -3376 -4147 -3164
 -3120
